SkeletalMesh: SkeletalMesh
MaterialAsset: 6b8ecf40-b3aa-4a26-a497-d7cdda43afba
AnimatedVertices:
  - [-77.5000076, -17.0000153, 1, 0.424316406, 0.466796845, 0, 0, 0, 0, 0, 0, 0, 0]
  - [-77.5000076, 94, 1, 0.424316406, 0.68359375, 0, 0, 0, 0, 0, 0, 0, 0]
  - [-37.5000114, 144, 1, 0.463378906, 0.78125, 0, 0, 0, 0, 0, 0, 0, 0]
  - [56.5000191, 142, 1, 0.555175781, 0.77734375, 0, 0, 0, 0, 0, 0, 0, 0]
  - [89.4999924, 92, 1, 0.587402344, 0.6796875, 0, 0, 0, 0, 0, 0, 0, 0]
  - [82.5000076, -30.0000076, 1, 0.580566406, 0.44140625, 0, 0, 0, 0, 0, 0, 0, 0]
  - [8.03453255, 74.1228256, 1, 0.507846236, 0.644771159, 0, 0, 0, 0, 0, 0, 0, 0]
  - [209.500015, -181, 1, 0.704589844, 0.146484375, 0, 0, 0, 0, 0, 0, 0, 0]
  - [164.500015, -60.0000153, 1, 0.660644531, 0.38281247, 0, 0, 0, 0, 0, 0, 0, 0]
  - [225.5, -36.0000114, 1, 0.720214844, 0.42968747, 0, 0, 0, 0, 0, 0, 0, 0]
  - [287.5, -157, 1, 0.780761719, 0.193359375, 0, 0, 0, 0, 0, 0, 0, 0]
  - [186.808853, -119.985977, 1, 0.682430506, 0.265652388, 0, 0, 0, 0, 0, 0, 0, 0]
  - [256.5, -96.5000076, 1, 0.750488281, 0.311523438, 0, 0, 0, 0, 0, 0, 0, 0]
  - [361.5, 13.9999981, 1, 0.853027344, 0.52734375, 0, 0, 0, 0, 0, 0, 0, 0]
  - [209.500015, 67.0000076, 1, 0.704589844, 0.630859375, 0, 0, 0, 0, 0, 0, 0, 0]
  - [225.5, 118.999992, 1, 0.720214844, 0.732421875, 0, 0, 0, 0, 0, 0, 0, 0]
  - [382.500031, 63, 1, 0.873535156, 0.623046875, 0, 0, 0, 0, 0, 0, 0, 0]
  - [322.219879, 84.5011978, 1, 0.814667821, 0.665041387, 0, 0, 0, 0, 0, 0, 0, 0]
  - [285.5, 40.5000038, 1, 0.778808594, 0.579101563, 0, 0, 0, 0, 0, 0, 0, 0]
  - [-268.5, -163.999985, 1, 0.237792969, 0.17968753, 0, 0, 0, 0, 0, 0, 0, 0]
  - [-213.500015, -40.9999886, 1, 0.291503906, 0.419921905, 0, 0, 0, 0, 0, 0, 0, 0]
  - [-154.500015, -60.0000153, 1, 0.349121094, 0.38281247, 0, 0, 0, 0, 0, 0, 0, 0]
  - [-198.5, -203, 1, 0.306152344, 0.103515625, 0, 0, 0, 0, 0, 0, 0, 0]
  - [-239.625015, -99.4250183, 1, 0.265991211, 0.305810511, 0, 0, 0, 0, 0, 0, 0, 0]
  - [-176.5, -131.5, 1, 0.327636719, 0.243164063, 0, 0, 0, 0, 0, 0, 0, 0]
  - [-342.5, 50.0000076, 1, 0.165527344, 0.59765625, 0, 0, 0, 0, 0, 0, 0, 0]
  - [-183.499985, 104.999992, 1, 0.320800781, 0.705078125, 0, 0, 0, 0, 0, 0, 0, 0]
  - [-164.499985, 58.0000038, 1, 0.339355469, 0.61328125, 0, 0, 0, 0, 0, 0, 0, 0]
  - [-303.499969, 10.0000086, 1, 0.203613311, 0.51953125, 0, 0, 0, 0, 0, 0, 0, 0]
  - [-282.016357, 70.9220123, 1, 0.224593401, 0.638519526, 0, 0, 0, 0, 0, 0, 0, 0]
  - [-233.999969, 34.0000076, 1, 0.271484405, 0.56640625, 0, 0, 0, 0, 0, 0, 0, 0]
Indices:
  - 6
  - 2
  - 1
  - 6
  - 4
  - 3
  - 5
  - 6
  - 0
  - 1
  - 0
  - 6
  - 6
  - 3
  - 2
  - 6
  - 5
  - 4
  - 3
  - 5
  - 0
  - 2
  - 1
  - 4
  - 2
  - 4
  - 5
  - 0
  - 5
  - 4
  - 2
  - 5
  - 4
  - 5
  - 0
  - 4
  - 2
  - 1
  - 5
  - 0
  - 3
  - 4
  - 0
  - 5
  - 4
  - 3
  - 5
  - 0
  - 2
  - 4
  - 5
  - 2
  - 1
  - 4
  - 0
  - 3
  - 4
  - 1
  - 5
  - 2
  - 4
  - 5
  - 1
  - 4
  - 3
  - 5